3
0
644422362142411425253341661516333615125366253154652453
1
653535363434115546162123264144364522341146526531251622
2
213636553343422161412451254211316646624243155435263556
3
645561552624111123234536263131441623342622556435453164
4
322651634232561644351633411445445125542216315126326653
5
222543541364113554321664263636122163521135645452154634
6
412243155212124124353314346451653166533632565644562612
7
411121142241655162643333236355241425336266566354514524
8
332433364656653123453161562415623511526242141652415244
9
413521135454414165211345326543136236326266262654253145
10
514163655323643221655414464662655216341225231144233513
11
642111624151363513142446124256531562625552463345623433
12
311233342126414146534622512512666354335146654651355224
13
144311424613566351265443516224136226355553345241623126
14
554613635351166621635542143244134264465151233322422156
15
654352561346536542411622324314165513161314625242543632
16
624321164262231452313211351123654545562364554636345641
17
333653545156243115114463412366622254453414625652231261
18
526422145322633251562115464533554443461362113216345616
19
631566165325245413531415461413354213245622636246531422
20
234546311214664165325251244121115643536533436522426653
21
416241242254122133353616436631455124533236565511464652
22
652455545222542435344366451513326423642213113616631161
23
324141435136556545633624246424565622112135261123413365
24
651231122665126522233354644645413435362245153414566113
25
551613611445322623345436113232442224264655614336561551
26
621111624414426353542136125154343241365553566342362256
27
566226341363533244125312644115256512643163232114545456
28
326624464233111544433244136651633551553562511642152262
29
465435133255423512434551662621116321613644143426365522
30
256463226415556421565644125613433423312524633411315261
31
636566531415412164146336243355543512243126122424155326
32
455616432131142163426523246215461633654154323155236542
33
325626326644111614255446151142335234564262356235153341
34
261511245646341356244222521462265333434551511366433561
35
563151362131322431354145226244435645531416623554662612
36
152326624152612441464544312536434352633162623515351561
37
612533334244116163241422563526363556124544362611152455
38
565153111433125334515244422646636253651615621232464324
39
524363463424351656625442513251634155163126641232115342
40
213433325424112166516322164556564562453344142233551661
41
126666612442133341355352356145216433134226654545141252
42
612325541163244524564654624232513136251461615313536423
43
423631422526564155463116236511555221536446634143423213
44
316546654522423165412116162124555336642234334321364515
45
125163611153641653466315534145456652532422342424631223
46
521264233256431434153556346332613611415421525156646224
47
134554346435241222456461243633622564261316113515235156
48
551246121625256644164325343352464612255333512634111364
49
551513515155165623226442243436631222161451336443626434
