DIMENSION : 3

SAMPLE : 1

      3 6 2 
      4 2 2 
      6 4 4 
6 6 1 4 2 5 6 1 5 
3 4 1 4 1 1 3 3 3 
2 5 3 1 4 2 5 1 6 
      2 5 3 
      3 6 6 
      1 2 5 
      4 5 3 
      6 5 2 
      1 5 4 

x------------------------------------x

SAMPLE : 2

      3 6 3 
      5 3 5 
      6 5 3 
2 6 4 5 4 6 5 2 2 
1 2 3 1 1 5 3 6 4 
1 6 2 4 3 4 1 4 4 
      5 2 6 
      1 4 6 
      3 4 1 
      6 2 2 
      2 5 1 
      5 3 1 

x------------------------------------x

SAMPLE : 3

      5 5 3 
      6 3 6 
      2 1 3 
2 5 4 1 6 1 6 4 6 
4 5 1 4 2 2 3 1 6 
4 1 2 3 4 3 2 1 1 
      1 5 5 
      2 4 3 
      6 2 4 
      5 5 6 
      2 6 3 
      4 3 5 

x------------------------------------x

SAMPLE : 4

      5 5 2 
      5 6 1 
      6 4 5 
2 6 3 1 2 3 6 2 3 
5 3 6 1 1 1 4 4 1 
2 3 4 6 2 4 1 3 1 
      5 5 6 
      6 2 2 
      3 4 2 
      1 6 4 
      4 5 3 
      4 3 5 

x------------------------------------x

SAMPLE : 5

      6 3 4 
      6 5 1 
      3 2 2 
4 1 1 6 4 4 1 2 5 
6 3 3 5 6 1 4 4 5 
3 5 1 2 3 2 4 4 5 
      3 1 5 
      2 1 6 
      5 4 2 
      6 5 3 
      3 2 6 
      1 2 6 

x------------------------------------x

SAMPLE : 6

      5 4 1 
      5 4 3 
      2 2 2 
2 6 3 5 5 4 1 6 3 
6 6 4 1 1 3 1 2 2 
3 2 1 3 6 4 6 3 6 
      6 4 5 
      1 3 5 
      5 2 1 
      6 3 4 
      1 5 4 
      4 5 2 

x------------------------------------x

SAMPLE : 7

      1 5 5 
      2 4 3 
      4 1 2 
3 4 6 1 2 4 1 6 6 
3 1 4 1 2 4 6 5 3 
3 5 3 2 1 2 4 5 1 
      5 6 5 
      6 3 2 
      5 3 3 
      6 1 2 
      5 6 2 
      6 4 4 

x------------------------------------x

SAMPLE : 8

      1 4 2 
      1 2 1 
      4 1 1 
2 3 6 1 6 2 4 2 5 
3 3 3 6 5 5 2 4 1 
6 4 3 2 4 1 3 5 5 
      5 6 6 
      2 6 6 
      3 3 6 
      5 2 4 
      5 1 4 
      3 5 4 

x------------------------------------x

SAMPLE : 9

      3 6 4 
      4 3 3 
      3 3 2 
5 6 2 1 2 3 5 1 1 
1 6 1 6 5 3 6 2 3 
4 5 3 6 5 6 4 1 5 
      1 4 1 
      2 4 2 
      5 2 6 
      2 4 4 
      4 1 5 
      6 5 2 

x------------------------------------x

SAMPLE : 10

      1 3 5 
      5 2 1 
      4 1 3 
3 2 6 1 6 5 2 3 6 
3 4 5 4 1 4 1 3 6 
2 1 1 4 5 4 5 4 3 
      2 6 2 
      2 6 6 
      3 2 6 
      1 4 5 
      2 5 3 
      6 5 4 

x------------------------------------x

SAMPLE : 11

      6 5 5 
      1 6 3 
      5 1 4 
4 6 4 2 2 1 2 1 6 
4 1 4 6 4 3 6 5 5 
6 5 5 3 2 3 6 6 2 
      2 3 1 
      2 2 5 
      3 4 1 
      5 1 3 
      2 3 3 
      1 4 4 

x------------------------------------x

SAMPLE : 12

      6 2 4 
      1 1 1 
      6 4 2 
1 2 4 5 1 3 5 6 2 
4 4 6 3 6 3 5 3 1 
1 4 2 1 5 1 2 5 6 
      4 6 3 
      5 5 2 
      6 2 5 
      4 3 3 
      6 2 3 
      3 4 5 

x------------------------------------x

SAMPLE : 13

      3 4 2 
      2 3 3 
      3 1 1 
5 1 2 1 4 6 3 5 4 
6 2 2 4 1 4 6 6 6 
5 3 4 1 2 6 5 1 2 
      6 5 4 
      1 4 6 
      3 3 5 
      2 2 4 
      3 5 5 
      6 5 1 

x------------------------------------x

SAMPLE : 14

      4 2 4 
      3 1 1 
      1 4 4 
5 1 6 3 5 1 2 2 6 
4 4 3 5 6 6 1 3 6 
2 6 5 6 1 3 2 2 4 
      3 4 5 
      5 5 3 
      3 5 5 
      1 2 6 
      6 2 3 
      2 4 1 

x------------------------------------x

SAMPLE : 15

      6 3 5 
      6 1 3 
      5 5 4 
1 4 3 6 2 1 2 6 4 
5 4 2 1 6 6 1 3 4 
6 3 5 3 5 1 2 4 4 
      2 3 3 
      1 5 1 
      4 6 5 
      1 5 6 
      4 2 2 
      3 2 2 

x------------------------------------x

SAMPLE : 16

      5 6 1 
      3 5 2 
      6 5 4 
3 2 4 5 4 2 5 1 3 
6 2 2 5 3 6 1 6 5 
4 1 1 3 4 6 3 1 4 
      6 2 5 
      3 1 4 
      1 6 1 
      6 3 2 
      5 4 3 
      2 4 2 

x------------------------------------x

SAMPLE : 17

      1 6 4 
      3 2 1 
      6 2 4 
3 5 1 4 5 2 5 4 5 
2 1 1 2 3 1 6 5 4 
3 1 3 2 6 2 1 2 3 
      5 5 4 
      3 6 4 
      5 6 2 
      6 4 1 
      3 4 5 
      6 3 6 

x------------------------------------x

SAMPLE : 18

      5 4 5 
      6 5 3 
      3 3 3 
4 1 2 1 1 5 2 5 4 
4 6 3 2 4 3 6 2 2 
1 1 4 1 5 6 3 6 6 
      6 2 5 
      4 1 4 
      4 5 3 
      2 6 1 
      2 3 1 
      6 5 2 

x------------------------------------x

SAMPLE : 19

      1 4 5 
      4 2 2 
      5 2 6 
4 6 4 2 5 1 4 4 3 
1 1 5 6 3 3 5 5 4 
5 6 2 3 2 2 5 3 3 
      1 1 3 
      3 6 2 
      4 6 1 
      6 1 6 
      3 4 5 
      2 1 6 

x------------------------------------x

SAMPLE : 20

      1 6 5 
      5 6 6 
      6 3 1 
4 6 1 4 1 3 2 1 3 
4 1 5 2 4 5 3 5 4 
5 3 1 3 2 5 4 1 3 
      6 3 6 
      6 2 2 
      2 4 5 
      4 2 2 
      5 3 1 
      2 4 6 

x------------------------------------x

SAMPLE : 21

      3 1 1 
      5 4 6 
      2 3 4 
2 4 4 1 6 5 6 4 3 
2 5 1 6 6 4 1 1 5 
3 2 5 2 1 4 1 2 1 
      4 3 6 
      5 3 3 
      5 3 6 
      6 5 3 
      4 2 6 
      5 2 2 

x------------------------------------x

SAMPLE : 22

      2 4 2 
      2 4 1 
      4 1 6 
4 3 6 1 3 3 1 2 4 
6 1 6 1 2 2 4 5 5 
3 5 3 2 5 4 6 3 1 
      5 6 5 
      2 3 6 
      5 3 3 
      6 5 2 
      4 6 4 
      5 1 1 

x------------------------------------x

SAMPLE : 23

      5 4 5 
      4 5 5 
      6 5 2 
4 5 1 4 3 5 4 2 3 
3 6 6 5 4 2 3 2 6 
3 4 4 2 2 2 5 1 3 
      1 1 3 
      2 1 3 
      6 4 2 
      1 6 1 
      6 3 1 
      6 1 6 

x------------------------------------x

SAMPLE : 24

      4 3 5 
      1 4 1 
      3 2 4 
2 4 6 5 4 5 6 2 2 
6 2 4 5 5 6 5 6 5 
6 3 3 1 3 6 4 2 4 
      2 6 1 
      1 3 5 
      1 1 2 
      3 6 5 
      4 1 3 
      1 2 3 

x------------------------------------x

SAMPLE : 25

      1 2 2 
      2 3 1 
      6 5 1 
6 4 4 5 2 2 4 3 5 
3 5 4 1 2 6 4 1 3 
2 3 3 6 6 5 6 4 5 
      1 5 3 
      2 4 5 
      3 6 2 
      1 1 3 
      5 6 6 
      4 1 4 

x------------------------------------x

SAMPLE : 26

      6 1 1 
      6 1 3 
      5 5 1 
1 1 3 6 2 3 2 2 4 
4 3 6 3 2 2 4 4 2 
3 4 5 4 4 5 2 3 2 
      6 1 4 
      6 5 5 
      2 6 4 
      5 5 1 
      5 6 1 
      3 3 6 

x------------------------------------x

SAMPLE : 27

      6 2 4 
      1 1 1 
      6 2 1 
1 2 5 3 5 3 2 4 1 
1 3 6 4 2 6 3 4 3 
5 4 2 4 1 4 1 5 4 
      5 6 6 
      5 5 3 
      3 6 5 
      2 5 6 
      3 6 2 
      3 4 2 

x------------------------------------x

SAMPLE : 28

      3 4 1 
      2 2 6 
      5 6 6 
6 4 4 2 4 4 5 1 2 
3 1 2 5 3 3 2 5 6 
1 2 5 3 6 3 1 1 5 
      2 3 2 
      1 6 3 
      6 4 3 
      4 5 6 
      5 4 5 
      1 1 4 

x------------------------------------x

SAMPLE : 29

      4 6 4 
      6 2 4 
      3 2 6 
1 3 6 5 4 4 5 5 1 
2 4 4 1 1 1 6 3 3 
4 3 3 2 3 3 6 5 1 
      5 1 1 
      5 6 2 
      5 5 3 
      2 6 2 
      1 5 2 
      6 4 2 

x------------------------------------x

SAMPLE : 30

      1 3 3 
      4 3 5 
      4 6 5 
6 6 2 5 1 2 3 2 1 
5 5 1 4 2 3 1 1 6 
4 3 4 2 5 5 6 2 1 
      1 4 3 
      6 4 4 
      6 1 3 
      5 2 2 
      3 6 5 
      4 2 6 

x------------------------------------x

SAMPLE : 31

      2 2 6 
      4 6 3 
      2 5 6 
1 2 5 4 2 1 4 2 3 
6 4 4 5 5 6 4 3 3 
5 6 5 4 1 5 6 1 3 
      6 3 3 
      5 2 4 
      3 1 2 
      2 6 1 
      3 1 5 
      4 1 1 

x------------------------------------x

SAMPLE : 32

      5 3 1 
      5 6 6 
      6 3 6 
2 4 3 1 6 4 5 1 2 
3 3 6 4 1 2 5 4 3 
1 4 6 4 1 5 3 5 5 
      1 2 2 
      1 2 6 
      2 4 3 
      3 2 6 
      1 5 5 
      4 2 4 

x------------------------------------x

SAMPLE : 33

      4 3 2 
      6 1 6 
      4 5 5 
2 4 6 1 6 3 6 3 3 
5 2 3 1 4 2 4 6 1 
4 2 6 1 3 1 2 1 5 
      3 2 3 
      1 5 4 
      6 5 4 
      5 4 2 
      2 3 6 
      1 5 5 

x------------------------------------x

SAMPLE : 34

      3 2 6 
      6 2 6 
      3 2 5 
1 5 1 6 1 4 2 3 4 
4 4 6 1 1 1 3 3 5 
2 5 5 6 4 4 1 4 2 
      3 5 6 
      2 6 2 
      5 6 4 
      3 4 1 
      1 5 3 
      2 3 5 

x------------------------------------x

SAMPLE : 35

      2 4 5 
      5 1 1 
      2 6 1 
5 2 1 3 5 6 3 3 3 
2 2 2 3 4 1 2 6 5 
2 4 4 6 4 6 4 6 2 
      5 1 1 
      5 5 1 
      4 3 4 
      5 6 1 
      4 3 3 
      3 6 6 

x------------------------------------x

SAMPLE : 36

      3 6 2 
      1 5 1 
      5 6 3 
2 2 6 4 3 1 6 4 5 
1 4 5 3 2 2 4 3 5 
3 5 4 1 3 1 2 4 4 
      6 2 3 
      4 1 6 
      5 3 1 
      6 1 2 
      6 6 2 
      5 5 4 

x------------------------------------x

SAMPLE : 37

      6 2 4 
      3 2 6 
      1 5 2 
3 1 2 4 4 1 3 5 2 
5 4 4 6 1 2 4 3 4 
4 6 4 1 5 2 5 3 6 
      6 2 3 
      1 6 2 
      6 3 3 
      5 6 1 
      3 5 1 
      5 1 5 

x------------------------------------x

SAMPLE : 38

      3 3 4 
      5 3 3 
      6 1 2 
5 6 3 1 6 3 5 5 6 
4 2 2 1 1 6 3 6 3 
2 4 1 2 4 4 5 2 6 
      3 6 2 
      5 4 4 
      1 2 4 
      4 5 5 
      1 5 2 
      6 1 1 

x------------------------------------x

SAMPLE : 39

      1 1 1 
      1 5 3 
      5 6 5 
4 2 2 3 3 4 2 5 3 
2 4 4 1 2 5 6 3 6 
5 1 5 4 3 3 6 4 6 
      6 2 1 
      6 1 5 
      6 5 1 
      3 2 4 
      4 6 4 
      2 3 2 

x------------------------------------x

SAMPLE : 40

      4 6 3 
      3 6 3 
      5 2 4 
5 1 3 6 5 6 1 5 5 
4 4 2 3 5 1 6 3 4 
6 2 5 4 2 4 2 5 1 
      6 4 1 
      1 2 6 
      1 6 3 
      3 4 2 
      1 1 5 
      2 3 2 

x------------------------------------x

SAMPLE : 41

      3 2 5 
      4 3 3 
      2 1 3 
1 6 4 1 6 6 5 6 2 
3 2 2 1 1 2 5 6 4 
5 1 6 4 2 4 5 5 6 
      1 4 2 
      3 4 4 
      4 5 3 
      6 6 1 
      5 5 1 
      2 3 3 

x------------------------------------x

SAMPLE : 42

      6 1 2 
      6 6 6 
      1 2 6 
3 5 6 3 4 1 4 3 3 
3 5 2 1 3 3 2 1 6 
3 5 5 4 4 2 1 4 5 
      6 5 4 
      2 2 6 
      1 3 4 
      2 5 2 
      1 4 1 
      5 4 5 

x------------------------------------x

SAMPLE : 43

      5 4 1 
      3 2 5 
      6 1 2 
6 2 4 5 2 4 1 3 6 
6 5 4 2 4 4 5 1 3 
5 6 4 1 6 3 2 3 2 
      6 1 5 
      4 6 1 
      2 5 1 
      4 2 3 
      5 3 6 
      3 1 3 

x------------------------------------x

SAMPLE : 44

      4 2 2 
      6 3 1 
      4 2 3 
2 3 6 1 5 5 2 2 1 
1 1 6 5 6 4 5 5 5 
4 6 3 5 2 6 5 1 1 
      6 3 4 
      4 4 6 
      5 3 6 
      2 1 3 
      4 2 3 
      1 4 3 

x------------------------------------x

SAMPLE : 45

      6 5 4 
      5 4 6 
      3 1 6 
1 6 2 1 6 5 3 3 6 
1 1 6 4 2 3 5 5 5 
4 1 2 5 2 2 1 2 4 
      3 3 4 
      2 3 4 
      6 4 2 
      5 1 5 
      3 6 4 
      3 2 1 

x------------------------------------x

SAMPLE : 46

      6 1 1 
      1 6 3 
      1 2 5 
5 3 4 6 5 3 6 5 2 
3 1 5 6 4 1 4 5 6 
4 6 6 1 5 3 1 4 5 
      3 4 2 
      4 2 2 
      5 3 2 
      2 2 3 
      6 3 1 
      4 2 4 

x------------------------------------x

SAMPLE : 47

      2 3 3 
      2 6 4 
      5 2 1 
3 4 6 4 3 4 6 1 1 
5 5 6 4 3 1 6 1 3 
1 5 3 2 5 6 3 3 2 
      5 2 5 
      4 2 1 
      4 1 5 
      2 2 4 
      6 4 6 
      1 5 6 

x------------------------------------x

SAMPLE : 48

      3 4 6 
      5 5 4 
      1 3 4 
2 4 3 2 2 2 5 6 4 
4 6 1 2 4 1 6 2 2 
4 5 6 4 3 5 6 3 3 
      1 1 3 
      3 1 6 
      2 6 1 
      1 5 6 
      2 3 5 
      5 1 5 

x------------------------------------x

SAMPLE : 49

      1 2 1 
      2 4 6 
      5 5 1 
3 4 3 6 4 4 6 1 2 
3 2 5 2 5 6 4 6 4 
1 6 4 6 2 5 3 5 2 
      5 1 2 
      3 3 3 
      2 5 5 
      3 6 4 
      1 1 1 
      6 3 4 

x------------------------------------x

SAMPLE : 50

      5 1 5 
      5 1 3 
      5 5 1 
2 4 3 6 2 3 2 2 2 
4 4 2 1 6 5 6 3 1 
2 2 6 1 5 5 4 3 6 
      3 3 6 
      4 5 1 
      1 6 1 
      4 3 4 
      6 2 6 
      4 4 3 

x------------------------------------x
